j_th = 0.01334;
l = 0.2;
A = [0 1;0 0];
B = 0.8518*[0 0;l/j_th -l/j_th];
C = [1 0];
D = [0 0];
